Enter file contents here
Vashon Hills	Length (Miles)	Gain (ft)	Avg grade	Avg grade%	Max grade	factor	Max grade%	Latitude	Longitude
Vashon Ferry hill 1	0.7	354	9.2	0.092	18.1	0.01	0.181	47.5100681	-122.4638922
Burma Rd 1	0.1	134	17.1	0.171	24.1	0.01	0.241	47.4888212	-122.4753613
Point Vashon Dr	0.3	191	10.5	0.105	13.9	0.01	0.139	47.5081785	-122.4752528
SW 112th/103rd	0.9	280	6.1	0.061	13	0.01	0.13	47.4473204	-122.4598502
103rd	0.2	152	11.5	0.115	18	0.01	0.18	47.5032057	-122.4655053
Sylvan Beach DR	0.6	360	10.5	0.105	13.9	0.01	0.139	47.4985831	-122.4776438
Burma Rd 2	0.1	120	17.9	0.179	27.9	0.01	0.279	47.488	-122.475
Van Olinda Rd	1.1	255	4.5	0.045	7.4	0.01	0.074	47.4683357	-122.4425874
SW Cove Rd	1.3	377	5.5	0.055	10.4	0.01	0.104	47.4546251	-122.4817148
SW 220th	0.9	368	7.8	0.078	14.1	0.01	0.141	47.40731	-122.4991385
SW Reddings Bch Rd	0.4	178	8.4	0.084	11.8	0.01	0.118	47.3964256	-122.5140094
Bates Walk SW	0.8	369	9.3	0.093	12.4	0.01	0.124	47.3752192	-122.5098512
SW 248th	0.5	194	7.2	0.072	9.2	0.01	0.092	47.38196	-122.4233501
SW Pohl Rd	0.8	271	6.8	0.068	9.6	0.01	0.096	47.3371092	-122.5182795
Vashon Hwy fr south	1	298	5.5	0.055	7.6	0.01	0.076	47.4473204	-122.4598502
Manzanita	1.4	357	4.9	0.049	12.7	0.01	0.127	47.350654	-122.4734598
Sandy Shores	0.5	288	11.5	0.115	14.7	0.01	0.147	47.357537	-122.4466395
264th/94th	0.3	169	9.7	0.097	14.5	0.01	0.145	47.4473204	-122.4598502
99th Ave	1.5	298	3.8	0.038	7.4	0.01	0.074	47.4105839	-122.4604552
Gold Beach	0.4	236	11.9	0.119	17.1	0.01	0.171	47.3708475	-122.4242768
240th	0.9	324	6.6	0.066	9.7	0.01	0.097	47.3892721	-122.4176281
Luana Beach Rd	0.7	201	5.6	0.056	10.3	0.01	0.103	47.397875	-122.3993552
Pt Robinson Rd	2	471	4.5	0.045	9.4	0.01	0.094	47.3892082	-122.4040754
87th Ave	0.9	296	6.4	0.064	13.3	0.01	0.133	47.4245953	-122.4445182
Ellisport Rd	0.9	300	6.4	0.064	9.9	0.01	0.099	47.4196059	-122.4468038
Soper Rd	0.6	301	10	0.1	13.7	0.01	0.137	47.449567	-122.4458442
